 iy, m42, f42, m52, f52, m53, f53, m63, f63
1914  605.619  572.917  652.258  623.921  653.654  635.548  675.300  649.425
1915  595.887  583.961  642.212  625.824  658.965  642.902  659.087  635.619
1916  605.074  582.684  654.635  620.758  662.000  637.255  689.276  638.412
1917  580.244  575.771  632.695  613.403  628.882  613.565  657.250  630.968
1918  620.218  601.041  637.818  614.608  642.156  618.748  672.833  632.818
1919  613.174  592.256  649.395  624.730  658.609  640.321  693.741  663.542
1920  590.170  575.194  647.579  615.130  657.563  637.595  675.036  637.595
1921  588.881  572.108  621.650  592.778  638.915  623.972  654.682  633.700
1922  595.162  575.194  630.107  605.146  632.603  615.130  690.012  637.595
1923  593.175  577.805  633.571  617.273  639.670  620.268  661.097  642.765
1924  607.642  585.178  645.083  612.634  647.579  625.115  690.012  625.115
1925  603.407  590.503  640.429  612.655  642.306  620.952  664.688  631.750
1926  615.149  596.265  647.495  625.641  647.842  628.171  691.897  668.865
1927  615.767  599.511  650.265  625.098  652.473  629.993  681.133  654.500
1928  600.140  580.226  642.523  622.188  629.428  606.717  694.677  647.053
1929  596.855  582.262  648.271  625.143  641.667  618.022  676.383  652.938
1930  611.290  589.004  656.135  629.792  656.577  628.599  691.235  666.850
1931  607.165  590.253  657.710  637.964  648.094  628.753  701.132  671.464
1932  615.642  592.004  650.594  624.029  656.589  632.366  701.598  671.500
1933  612.502  590.038  671.887  639.426  650.162  627.131  705.324  694.583
1934  618.779  599.133  667.627  642.464  652.431  631.568  710.482  673.450
1935  618.547  596.838  677.810  642.977  658.862  636.816  717.359  685.269
1936  617.443  597.887  665.294  638.710  660.573  635.851  703.434  673.514
1937  590.629  578.254  645.115  609.029  621.338  601.157  688.463  659.167
1938  596.345  580.460  645.138  614.815  623.716  604.703  659.302  643.759
1939  617.157  599.440  667.101  639.860  646.718  627.435  692.845  658.162
1940  636.338  608.479  697.500  662.133  673.450  649.951  726.178  694.884
1941  620.856  594.940  670.518  634.750  648.177  622.626  696.867  668.182
1942  614.233  595.646  667.854  639.289  638.900  622.593  689.630  664.095
1943  587.771  570.735  669.939  636.071  618.165  601.873  695.529  662.479
1944  602.580  582.790  657.274  628.628  635.604  610.441  687.142  659.947
1945  594.000  579.000  635.000  620.000  627.000  610.000  638.000  648.000
1946  600.159  574.657  674.485  638.101  638.155  611.964  720.538  664.444
1947  594.000  582.000  658.000  612.000  622.000  599.000  686.000  650.000
1948  592.000  574.000  665.000  643.000  635.000  612.000  704.000  678.000
1949  605.000  579.000  665.000  605.000  627.000  602.000  663.000  648.000
1950  599.000  587.000  660.000  627.000  622.000  602.000  678.000  650.000
1951  610.000  587.000  665.000  630.000  638.000  612.000  696.000  671.000
1952  607.000  587.000  681.000  643.000  630.000  607.000  701.000  668.000
1953  607.000  582.000  683.000  650.000  632.000  612.000  704.000  673.000
1954  612.000  587.000  673.000  643.000  643.000  622.000  704.000  660.000
1955  587.000  566.000  660.000  627.000  612.000  589.000  683.000  638.000
1956  597.000  579.000  650.000  620.000  617.000  599.000  671.000  645.000
1957  592.110  569.456  651.534  620.231  627.774  607.389  663.071  636.650
1958  607.087  589.217  653.335  631.222  630.211  608.604  666.549  631.222
1959  603.784  582.755  643.425  627.991  613.694  595.680  659.942  631.222
1960  581.409  559.266  616.605  602.349  609.758  584.169  644.419  613.216
1961  593.874  579.524  650.032  621.529  613.694  595.680  630.211  621.529
1962  585.929  566.340  654.712  628.038  600.770  579.423  674.311  639.692
1963  579.700  572.657  652.357  621.695  596.060  580.281  660.333  624.077
1964  571.526  559.373  652.500  622.271  619.320  596.712  685.500  620.429
1965  597.467  578.104  648.459  610.350  621.953  598.920  686.467  650.242
1966  581.859  564.781  658.771  625.042  605.476  582.968  659.810  613.000
1967  580.350  569.987  659.905  629.919  610.576  583.465  671.911  630.750
1968  582.515  571.435  660.711  631.649  621.590  604.447  652.167  643.556
1969  587.872  569.843  655.365  626.007  621.450  602.890  661.412  636.438
1970  575.860  577.098  652.182  637.148  608.722  583.276  648.700  631.583
1971  573.667  568.813  652.615  620.500  613.154  588.684  681.800  626.778
1972  594.718  572.807  653.481  630.445  622.953  600.096  689.467  644.212
1973  606.286  577.004  672.300  642.045  635.378  611.374  697.364  653.000
1974  617.636  586.294  675.886  648.731  638.865  609.661  696.505  660.365
1975  599.220  576.561  669.971  623.471  622.611  594.838  680.344  627.286
1976  595.090  575.512  663.360  631.200  620.447  594.943  685.000  632.300
1977  619.241  596.651  678.183  650.968  643.129  616.388  696.177  645.565
1978  609.067  582.727  678.325  652.535  630.059  606.029  683.551  647.973
1979  603.307  577.154  674.044  648.074  630.600  608.507  689.700  671.818
1980  599.417  579.473  650.778  617.321  620.172  597.639  673.192  623.850
1981  592.138  570.203  653.111  621.875  622.059  601.219  685.000  655.556
1982  598.424  573.744  658.775  627.321  619.931  591.629  695.460  652.857
1983  589.944  571.766  656.560  622.459  616.057  592.144  658.035  628.758
1984  585.438  562.136  660.843  627.495  618.606  592.268  677.918  636.400
1985  568.572  543.740  599.112  578.849  583.182  551.316  611.563  579.909
1986  592.300  584.545  658.850  636.665  621.798  600.362  682.675  662.918
1987  575.750  561.952  654.551  623.993  622.167  602.620  672.324  649.143
1988  595.113  568.021  653.707  627.527  610.869  583.006  679.472  645.618
1989  583.914  565.593  671.219  642.398  612.234  586.523  699.186  658.115
1990  590.076  561.151  654.816  617.169  595.309  574.297  664.160  625.451
1991  591.847  572.807  656.963  624.085  607.701  583.225  656.644  633.122
1992  596.320  573.254  649.500  623.776  616.802  596.659  656.974  643.733
1993  579.424  564.532  648.068  614.228  613.614  590.039  659.148  623.773
1994  597.143  564.380  639.476  615.958  615.697  592.189  654.516  638.036
1995  583.654  573.030  644.691  623.837  616.609  595.747  675.000  639.412
1996  622.419  591.159  665.502  639.286  629.080  607.214  692.794  648.065
1997  600.928  574.493  653.533  630.762  637.379  612.675  667.050  618.333
1998  590.565  573.830  639.081  621.637  613.905  596.952  657.703  629.524
1999  584.695  580.056  654.681  637.000  602.748  596.605  670.328  648.000
2000  592.877  585.333  665.888  643.652  615.389  605.143  683.878  663.162
2001  591.420  578.000  659.388  634.023  612.527  601.597  676.102  650.150
2002  574.163  570.313  631.765  620.278  594.092  590.991  634.265  654.167
2003  582.673  566.774  655.051  628.833  592.336  578.480  667.209  636.970
2004  583.848  555.574  646.667  612.199  593.961  574.968  645.185  620.735
2005  575.073  549.662  640.660  622.256  606.839  577.068  645.458  624.512
2006  582.299  566.382  631.027  607.857  580.791  568.076  644.250  617.647
2007  585.676  575.690  653.696  627.127  610.892  594.186  659.027  631.789
2008  594.581  576.064  644.375  606.250  627.793  603.758  661.735  628.274
2009  569.167  558.036  643.909  626.682  607.588  592.590  667.432  640.217
2010  546.894  548.525  621.167  595.000  583.304  568.911  639.091  631.957
2011  594.224  558.767  638.545  621.389  607.597  589.707  652.523  625.800
2012  582.600  578.864  648.113  618.779  607.193  586.055  668.188  641.544
2013  569.492  558.248  644.061  615.476  595.260  578.642  646.023  622.149
2014  548.469  543.553  651.179  621.718  582.211  565.549  661.186  630.798
2015  551.799  541.982  603.242  585.556  574.542  569.467  606.978  596.759
2016  561.056  547.571  617.887  597.631  574.351  562.714  628.427  605.196
2017  568.762  558.849  615.573  594.902  581.163  575.009  614.615  599.727
2018  543.772  543.703  633.919  607.041  573.084  557.181  636.974  607.319
2019  558.670  551.379  602.554  587.382  572.605  551.273  612.367  599.651
